show_debug=false
show_image=false
write_image_seg="/usr/app/graph-canny-segm/seg/teste1.png"

# Camera parameters for ACCV dataset
#define FX 572.41140
#define FY 573.57043
#define CX 325.26110
#define CY 242.04899

# Camera parameters for Rutgers dataset
#define FX 575.8157348632812
#define FY 575.8157348632812
#define CX 319.5
#define CY 239.5

# Camera parameters for ICCV challenge dataset
#define FX 571.9737
#define FY 571.0073
#define CX 319.5000
#define CY 239.5000

#Kinect v2
fx=1078.68499
fy=1076.4742562
cx=952.6592286
cy=530.7386644

# params rutgers
#k=50000
#kx=1050
#ky=1500
#ks=500
#kdv=4.5f
#kdc=0.1f
#min_size=500.0f
#sigma=0.8f
#max_ecc = 0.978f
#max_L1 = 3800.0f
#max_L2 = 950.0f

# Segmentation Params
# params challenge
k=12#38 #50
kx=2000
ky=30
ks=50
kdv=4.5f
kdc=0.1f
#min_size=500.0f
min_size=500.0f
sigma=0.8f
max_ecc=0.978f
max_L1=3800.0f
max_L2=950.0f

DTH=30 #[mm]
plusD=30 #7 //for depth boundary
point3D=4#5 #10//for contact boundary
g_angle=154 #140//148//2.f/3.f*M_PI
l_angle=56 #M_PI/3.f
Lcanny=28#32#140 #32
Hcanny=110#414#320  #1
FarObjZ=25000 #//875//1800 //[mm] 